atom type name mass coeff1 coeff2
1	c	12.01	0.0988	3.31521230994
2	c3	12.01	0.1078	3.39770953124
3	h1	1.008	0.0208	2.42199725514
4	hc	1.008	0.0208	2.60017699876
5	ho	1.008	0.0047	0.537924646013
6	hn	1.008	0.01	1.10649620793
7	n	14.01	0.1636	3.18086478325
8	o	16.0	0.21	2.95992190115
9	oh	16.0	0.2104	3.06647338784
10	He	4.027	0.0203	2.556
11	n1	14.01	0.073	3.2987
12	n2	28.02	0.14397	3.798
13	os	16.0	0.17	3.00001234347
14	h2	1.008	0.0208	2.24381751151
15	H	1.008	0.0157	1.2
16	N	14.01	0.17	3.25
17	O	16.0	0.21	3.3224
18	Si	28.086	0.198	4.405
19	Ar	39.948	0.2339	3.401
20	Ar+	39.948	0.2339	3.401

bond type name coeff1 coeff2
1	N/A	648.0	1.214
2	N/A	383.13	1.351
3	N/A	563.51	0.973
4	N/A	263.77	1.462
5	N/A	527.31	1.013
6	N/A	243.22	1.524
7	N/A	232.52	1.538
8	N/A	375.92	1.097
9	N/A	375.92	1.097
10	N/A	284.76	1.432
11	N/A	377.33	1.096
12	N/A	293.4	1.423
13	N/A	434.0	1.01
14	N/A	350.0	1.3

angle type name coeff1 coeff2
1	N/A	39.011	117.95
2	N/A	46.147	117.68
3	N/A	61.544	108.88
4	N/A	83.161	111.61
5	N/A	84.54	109.06
6	N/A	46.868	109.56
7	N/A	47.531	108.22
8	N/A	65.307	111.04
9	N/A	46.816	109.8
10	N/A	38.96	107.58
11	N/A	68.03	123.11
12	N/A	84.266	115.18
13	N/A	75.83	122.03
14	N/A	84.683	117.52
15	N/A	65.252	120.69
16	N/A	85.803	112.73
17	N/A	77.38	122.88
18	N/A	51.19	107.37
19	N/A	49.027	107.26
20	N/A	62.785	109.43
21	N/A	84.642	110.19
22	N/A	46.73	110.22
23	N/A	85.306	107.97
24	N/A	66.293	112.48
25	N/A	85.306	107.97
26	N/A	62.785	109.43
27	N/A	38.523	110.2
28	N/A	35.0	109.5
29	N/A	25.0	120.0

dihedral type name coeff1 coeff2 coeff3 coeff4
1	N/A	1.0	0.0	2.0	0.0	-1.0	-1.0	-1.0	-1.0	-1.0	-1.0
2	N/A	1.0	0.155555555556	3.0	0.0	-1.0	-1.0	-1.0	-1.0	-1.0	-1.0
3	N/A	1.0	0.0	2.0	180.0	-1.0	-1.0	-1.0	-1.0	-1.0	-1.0
4	N/A	1.0	2.5	2.0	180.0	-1.0	-1.0	-1.0	-1.0	-1.0	-1.0
5	N/A	1.0	0.0	2.0	0.0	-1.0	-1.0	-1.0	-1.0	-1.0	-1.0
6	N/A	1.0	2.3	2.0	180.0	-1.0	-1.0	-1.0	-1.0	-1.0	-1.0
7	N/A	1.0	0.383333333333	3.0	0.0	-1.0	-1.0	-1.0	-1.0	-1.0	-1.0
8	N/A	1.0	0.166666666667	3.0	0.0	-1.0	-1.0	-1.0	-1.0	-1.0	-1.0
9	N/A	3.0	0.5	4.0	180.0	0.15	3.0	180.0	0.53	1.0	0.0
10	N/A	1.0	0.0	3.0	0.0	-1.0	-1.0	-1.0	-1.0	-1.0	-1.0
11	N/A	3.0	1.01	3.0	0.0	0.0	2.0	0.0	0.02	1.0	180.0
12	N/A	3.0	0.0	3.0	0.0	0.0	2.0	180.0	0.17	1.0	180.0
13	N/A	3.0	0.91	3.0	0.0	1.0	2.0	0.0	0.0	1.0	0.0

atoms
1	20	1	0	0	0
